{
    "A_00": [
        [
            1.0,
            6.925864864924569e-17,
            2.1324814232045358e-16,
            -2.9857687713686725e-20,
            7.313618371504904e-17,
            1.5008630837705732e-16,
            -5.427043751399e-20,
            4.552758878461116e-18,
            -1.6025778790805994e-17,
            -4.5524204235416695e-18,
            1.6025440335886546e-17
        ],
        [
            -6.925864864924569e-17,
            1.0,
            2.9857687713686725e-20,
            2.1324814232045358e-16,
            0.025,
            -5.4183215816187114e-20,
            -1.399785325122659e-16,
            -0.001961283977110157,
            -0.001961283977110158,
            0.001961283977110158,
            0.001961283977110157
        ],
        [
            -2.1324814232045358e-16,
            -2.9857687713686725e-20,
            1.0,
            -6.925864864924569e-17,
            5.418321581616138e-20,
            0.025,
            6.984836577372429e-17,
            0.0017138322603719594,
            -0.0017138322603719594,
            -0.0017138322603719603,
            0.0017138322603719603
        ],
        [
            2.9857687713686725e-20,
            -2.1324814232045358e-16,
            6.925864864924569e-17,
            1.0,
            1.4476394595264136e-16,
            -7.13592709699855e-17,
            0.025,
            -7.795653199035896e-05,
            7.795653199033598e-05,
            -7.795653199032612e-05,
            7.795653199034911e-05
        ],
        [
            0.0,
            0.0,
            0.0,
            0.0,
            1.0,
            -5.3513177636204926e-20,
            3.8219924563528513e-16,
            -0.14446530758226034,
            -0.14446530758226034,
            0.14446530758226034,
            0.14446530758226034
        ],
        [
            0.0,
            0.0,
            0.0,
            0.0,
            5.3513177636204926e-20,
            1.0,
            -1.2413052221427038e-16,
            0.12623837625178827,
            -0.12623837625178827,
            -0.12623837625178827,
            0.12623837625178827
        ],
        [
            0.0,
            0.0,
            0.0,
            0.0,
            0.0,
            0.0,
            1.0,
            -0.0057421640636788895,
            0.0057421640636788895,
            -0.0057421640636788895,
            0.0057421640636788895
        ],
        [
            0.0,
            0.0,
            0.0,
            0.0,
            0.0,
            0.0,
            0.0,
            0.6067708333333334,
            0.0,
            0.0,
            0.0
        ],
        [
            0.0,
            0.0,
            0.0,
            0.0,
            0.0,
            0.0,
            0.0,
            0.0,
            0.6067708333333334,
            0.0,
            0.0
        ],
        [
            0.0,
            0.0,
            0.0,
            0.0,
            0.0,
            0.0,
            0.0,
            0.0,
            0.0,
            0.6067708333333334,
            0.0
        ],
        [
            0.0,
            0.0,
            0.0,
            0.0,
            0.0,
            0.0,
            0.0,
            0.0,
            0.0,
            0.0,
            0.6067708333333334
        ]
    ],
    "A_01": [
        [
            1.0,
            7.75822426902923e-17,
            2.1157274649305256e-16,
            -3.1723178196305965e-20,
            7.507597688155847e-17,
            1.553750740229037e-16,
            -5.509855236729646e-20,
            4.762646560695924e-18,
            -1.654087767531183e-17,
            -4.762302955217787e-18,
            1.6540534069833694e-17
        ],
        [
            -7.75822426902923e-17,
            1.0,
            3.1723178196305965e-20,
            2.1157274649305256e-16,
            0.025,
            -5.499679257392173e-20,
            -1.4534637936509853e-16,
            -0.001961283977110157,
            -0.001961283977110158,
            0.001961283977110158,
            0.001961283977110157
        ],
        [
            -2.1157274649305256e-16,
            -3.1723178196305965e-20,
            1.0,
            -7.75822426902923e-17,
            5.499679257389417e-20,
            0.025,
            7.139542853114644e-17,
            0.0017138322603719594,
            -0.0017138322603719594,
            -0.0017138322603719603,
            0.0017138322603719603
        ],
        [
            3.1723178196305965e-20,
            -2.1157274649305256e-16,
            7.75822426902923e-17,
            1.0,
            1.5009133923442708e-16,
            -7.310865655265954e-17,
            0.025,
            -7.79565319903595e-05,
            7.795653199033569e-05,
            -7.795653199032558e-05,
            7.79565319903494e-05
        ],
        [
            0.0,
            0.0,
            0.0,
            0.0,
            1.0,
            -5.685664899046127e-20,
            3.7919647611802044e-16,
            -0.14446530758226034,
            -0.14446530758226034,
            0.14446530758226034,
            0.14446530758226034
        ],
        [
            0.0,
            0.0,
            0.0,
            0.0,
            5.685664899046127e-20,
            1.0,
            -1.3904868904491876e-16,
            0.12623837625178827,
            -0.12623837625178827,
            -0.12623837625178827,
            0.12623837625178827
        ],
        [
            0.0,
            0.0,
            0.0,
            0.0,
            0.0,
            0.0,
            1.0,
            -0.0057421640636788895,
            0.0057421640636788895,
            -0.0057421640636788895,
            0.0057421640636788895
        ],
        [
            0.0,
            0.0,
            0.0,
            0.0,
            0.0,
            0.0,
            0.0,
            0.6067708333333334,
            0.0,
            0.0,
            0.0
        ],
        [
            0.0,
            0.0,
            0.0,
            0.0,
            0.0,
            0.0,
            0.0,
            0.0,
            0.6067708333333334,
            0.0,
            0.0
        ],
        [
            0.0,
            0.0,
            0.0,
            0.0,
            0.0,
            0.0,
            0.0,
            0.0,
            0.0,
            0.6067708333333334,
            0.0
        ],
        [
            0.0,
            0.0,
            0.0,
            0.0,
            0.0,
            0.0,
            0.0,
            0.0,
            0.0,
            0.0,
            0.6067708333333334
        ]
    ],
    "A_02": [
        [
            1.0,
            8.259242281866843e-17,
            2.1053872128204624e-16,
            -3.304146373119533e-20,
            7.714112852150343e-17,
            1.6063862606851955e-16,
            -5.590482800286416e-20,
            4.961132236844049e-18,
            -1.706398008916629e-17,
            -4.9607836189522e-18,
            1.7063631471274445e-17
        ],
        [
            -8.259242281866843e-17,
            1.0,
            3.304146373119533e-20,
            2.1053872128204624e-16,
            0.025,
            -5.578510385525021e-20,
            -1.506587222175742e-16,
            -0.001961283977110157,
            -0.001961283977110158,
            0.001961283977110158,
            0.001961283977110157
        ],
        [
            -2.1053872128204624e-16,
            -3.304146373119533e-20,
            1.0,
            -8.259242281866843e-17,
            5.578510385522119e-20,
            0.025,
            7.322426450749716e-17,
            0.0017138322603719594,
            -0.0017138322603719594,
            -0.0017138322603719603,
            0.0017138322603719603
        ],
        [
            3.304146373119533e-20,
            -2.1053872128204624e-16,
            8.259242281866843e-17,
            1.0,
            1.5537857040382099e-16,
            -7.505995409850493e-17,
            0.025,
            -7.795653199036006e-05,
            7.795653199033542e-05,
            -7.795653199032503e-05,
            7.795653199034968e-05
        ],
        [
            0.0,
            0.0,
            0.0,
            0.0,
            1.0,
            -5.921937877316409e-20,
            3.7734321891580475e-16,
            -0.14446530758226034,
            -0.14446530758226034,
            0.14446530758226034,
            0.14446530758226034
        ],
        [
            0.0,
            0.0,
            0.0,
            0.0,
            5.921937877316409e-20,
            1.0,
            -1.4802830802178514e-16,
            0.12623837625178827,
            -0.12623837625178827,
            -0.12623837625178827,
            0.12623837625178827
        ],
        [
            0.0,
            0.0,
            0.0,
            0.0,
            0.0,
            0.0,
            1.0,
            -0.0057421640636788895,
            0.0057421640636788895,
            -0.0057421640636788895,
            0.0057421640636788895
        ],
        [
            0.0,
            0.0,
            0.0,
            0.0,
            0.0,
            0.0,
            0.0,
            0.6067708333333334,
            0.0,
            0.0,
            0.0
        ],
        [
            0.0,
            0.0,
            0.0,
            0.0,
            0.0,
            0.0,
            0.0,
            0.0,
            0.6067708333333334,
            0.0,
            0.0
        ],
        [
            0.0,
            0.0,
            0.0,
            0.0,
            0.0,
            0.0,
            0.0,
            0.0,
            0.0,
            0.6067708333333334,
            0.0
        ],
        [
            0.0,
            0.0,
            0.0,
            0.0,
            0.0,
            0.0,
            0.0,
            0.0,
            0.0,
            0.0,
            0.6067708333333334
        ]
    ],
    "A_03": [
        [
            1.0,
            8.559476567475863e-17,
            2.0992097516450643e-16,
            -3.603551655032887e-20,
            7.928014351339933e-17,
            1.6588605998598817e-16,
            -5.679693391540667e-20,
            5.15287576652902e-18,
            -1.7591638269170734e-17,
            -5.15252156711184e-18,
            1.7591284069753554e-17
        ],
        [
            -8.559476567475863e-17,
            1.0,
            3.603551655032887e-20,
            2.0992097516450643e-16,
            0.025,
            -5.668882396133958e-20,
            -1.5593529443303182e-16,
            -0.001961283977110157,
            -0.001961283977110158,
            0.001961283977110158,
            0.001961283977110157
        ],
        [
            -2.0992097516450643e-16,
            -3.603551655032887e-20,
            1.0,
            -8.559476567475863e-17,
            5.668882396130926e-20,
            0.025,
            7.522159850762043e-17,
            0.0017138322603719594,
            -0.0017138322603719594,
            -0.0017138322603719603,
            0.0017138322603719603
        ],
        [
            3.603551655032887e-20,
            -2.0992097516450643e-16,
            8.559476567475863e-17,
            1.0,
            1.606400520057657e-16,
            -7.71300760463743e-17,
            0.025,
            -7.79565319903606e-05,
            7.795653199033515e-05,
            -7.795653199032447e-05,
            7.795653199034994e-05
        ],
        [
            0.0,
            0.0,
            0.0,
            0.0,
            1.0,
            -6.458554382582563e-20,
            3.762360481918365e-16,
            -0.14446530758226034,
            -0.14446530758226034,
            0.14446530758226034,
            0.14446530758226034
        ],
        [
            0.0,
            0.0,
            0.0,
            0.0,
            6.458554382582563e-20,
            1.0,
            -1.5340933109776482e-16,
            0.12623837625178827,
            -0.12623837625178827,
            -0.12623837625178827,
            0.12623837625178827
        ],
        [
            0.0,
            0.0,
            0.0,
            0.0,
            0.0,
            0.0,
            1.0,
            -0.0057421640636788895,
            0.0057421640636788895,
            -0.0057421640636788895,
            0.0057421640636788895
        ],
        [
            0.0,
            0.0,
            0.0,
            0.0,
            0.0,
            0.0,
            0.0,
            0.6067708333333334,
            0.0,
            0.0,
            0.0
        ],
        [
            0.0,
            0.0,
            0.0,
            0.0,
            0.0,
            0.0,
            0.0,
            0.0,
            0.6067708333333334,
            0.0,
            0.0
        ],
        [
            0.0,
            0.0,
            0.0,
            0.0,
            0.0,
            0.0,
            0.0,
            0.0,
            0.0,
            0.6067708333333334,
            0.0
        ],
        [
            0.0,
            0.0,
            0.0,
            0.0,
            0.0,
            0.0,
            0.0,
            0.0,
            0.0,
            0.0,
            0.6067708333333334
        ]
    ],
    "A_04": [
        [
            1.0,
            8.749217601513493e-17,
            2.095690601597612e-16,
            -3.553418224602349e-20,
            8.146739861147834e-17,
            1.7112555482951478e-16,
            -5.767331426331102e-20,
            5.340356541126845e-18,
            -1.8122483684959983e-17,
            -5.339996877115957e-18,
            1.8122124020949093e-17
        ],
        [
            -8.749217601513493e-17,
            1.0,
            3.553418224602349e-20,
            2.095690601597612e-16,
            0.025,
            -5.756408250075734e-20,
            -1.611913584868537e-16,
            -0.001961283977110157,
            -0.001961283977110158,
            0.001961283977110158,
            0.001961283977110157
        ],
        [
            -2.095690601597612e-16,
            -3.553418224602349e-20,
            1.0,
            -8.749217601513493e-17,
            5.756408250072585e-20,
            0.025,
            7.731927432708582e-17,
            0.0017138322603719594,
            -0.0017138322603719594,
            -0.0017138322603719603,
            0.0017138322603719603
        ],
        [
            3.553418224602349e-20,
            -2.095690601597612e-16,
            8.749217601513493e-17,
            1.0,
            1.658872589711624e-16,
            -7.927340519555084e-17,
            0.025,
            -7.795653199036117e-05,
            7.795653199033488e-05,
            -7.795653199032391e-05,
            7.79565319903502e-05
        ],
        [
            0.0,
            0.0,
            0.0,
            0.0,
            1.0,
            -6.368701504695035e-20,
            3.7560531983998396e-16,
            -0.14446530758226034,
            -0.14446530758226034,
            0.14446530758226034,
            0.14446530758226034
        ],
        [
            0.0,
            0.0,
            0.0,
            0.0,
            6.368701504695035e-20,
            1.0,
            -1.5681001160480834e-16,
            0.12623837625178827,
            -0.12623837625178827,
            -0.12623837625178827,
            0.12623837625178827
        ],
        [
            0.0,
            0.0,
            0.0,
            0.0,
            0.0,
            0.0,
            1.0,
            -0.0057421640636788895,
            0.0057421640636788895,
            -0.0057421640636788895,
            0.0057421640636788895
        ],
        [
            0.0,
            0.0,
            0.0,
            0.0,
            0.0,
            0.0,
            0.0,
            0.6067708333333334,
            0.0,
            0.0,
            0.0
        ],
        [
            0.0,
            0.0,
            0.0,
            0.0,
            0.0,
            0.0,
            0.0,
            0.0,
            0.6067708333333334,
            0.0,
            0.0
        ],
        [
            0.0,
            0.0,
            0.0,
            0.0,
            0.0,
            0.0,
            0.0,
            0.0,
            0.0,
            0.6067708333333334,
            0.0
        ],
        [
            0.0,
            0.0,
            0.0,
            0.0,
            0.0,
            0.0,
            0.0,
            0.0,
            0.0,
            0.0,
            0.6067708333333334
        ]
    ],
    "A_05": [
        [
            1.0,
            8.872351264825484e-17,
            2.094170896369763e-16,
            -3.4513048816843025e-20,
            8.368686240481283e-17,
            1.7635965763179157e-16,
            -5.854670967495432e-20,
            5.5249536605159254e-18,
            -1.86554811215612e-17,
            -5.5245885326402694e-18,
            1.865511599368554e-17
        ],
        [
            -8.872351264825484e-17,
            1.0,
            3.4513048816843025e-20,
            2.094170896369763e-16,
            0.025,
            -5.84570942477879e-20,
            -1.66432568554365e-16,
            -0.001961283977110157,
            -0.001961283977110158,
            0.001961283977110158,
            0.001961283977110157
        ],
        [
            -2.094170896369763e-16,
            -3.4513048816843025e-20,
            1.0,
            -8.872351264825484e-17,
            5.84570942477553e-20,
            0.025,
            7.948070483017366e-17,
            0.0017138322603719594,
            -0.0017138322603719594,
            -0.0017138322603719603,
            0.0017138322603719603
        ],
        [
            3.4513048816843025e-20,
            -2.094170896369763e-16,
            8.872351264825484e-17,
            1.0,
            1.7112423039086715e-16,
            -8.146532344435213e-17,
            0.025,
            -7.795653199036173e-05,
            7.795653199033462e-05,
            -7.795653199032336e-05,
            7.795653199035046e-05
        ],
        [
            0.0,
            0.0,
            0.0,
            0.0,
            1.0,
            -6.18568634588569e-20,
            3.753329469201774e-16,
            -0.14446530758226034,
            -0.14446530758226034,
            0.14446530758226034,
            0.14446530758226034
        ],
        [
            0.0,
            0.0,
            0.0,
            0.0,
            6.18568634588569e-20,
            1.0,
            -1.5901690507258034e-16,
            0.12623837625178827,
            -0.12623837625178827,
            -0.12623837625178827,
            0.12623837625178827
        ],
        [
            0.0,
            0.0,
            0.0,
            0.0,
            0.0,
            0.0,
            1.0,
            -0.0057421640636788895,
            0.0057421640636788895,
            -0.0057421640636788895,
            0.0057421640636788895
        ],
        [
            0.0,
            0.0,
            0.0,
            0.0,
            0.0,
            0.0,
            0.0,
            0.6067708333333334,
            0.0,
            0.0,
            0.0
        ],
        [
            0.0,
            0.0,
            0.0,
            0.0,
            0.0,
            0.0,
            0.0,
            0.0,
            0.6067708333333334,
            0.0,
            0.0
        ],
        [
            0.0,
            0.0,
            0.0,
            0.0,
            0.0,
            0.0,
            0.0,
            0.0,
            0.0,
            0.6067708333333334,
            0.0
        ],
        [
            0.0,
            0.0,
            0.0,
            0.0,
            0.0,
            0.0,
            0.0,
            0.0,
            0.0,
            0.0,
            0.6067708333333334
        ]
    ],
    "A_06": [
        [
            1.0,
            8.954047792990565e-17,
            2.0945838319483608e-16,
            -3.4508140226137086e-20,
            8.592606486741518e-17,
            1.815950997518545e-16,
            -5.932450394754469e-20,
            5.708174434384229e-18,
            -1.919007876663834e-17,
            -5.707804455777045e-18,
            1.9189708788031157e-17
        ],
        [
            -8.954047792990565e-17,
            1.0,
            3.4508140226137086e-20,
            2.0945838319483608e-16,
            0.025,
            -5.923490126586088e-20,
            -1.7166605321800486e-16,
            -0.001961283977110157,
            -0.001961283977110158,
            0.001961283977110158,
            0.001961283977110157
        ],
        [
            -2.0945838319483608e-16,
            -3.4508140226137086e-20,
            1.0,
            -8.954047792990565e-17,
            5.923490126582722e-20,
            0.025,
            8.168126893778308e-17,
            0.0017138322603719594,
            -0.0017138322603719594,
            -0.0017138322603719603,
            0.0017138322603719603
        ],
        [
            3.4508140226137086e-20,
            -2.0945838319483608e-16,
            8.954047792990565e-17,
            1.0,
            1.763586401719836e-16,
            -8.368495486675137e-17,
            0.025,
            -7.79565319903623e-05,
            7.795653199033436e-05,
            -7.795653199032279e-05,
            7.795653199035072e-05
        ],
        [
            0.0,
            0.0,
            0.0,
            0.0,
            1.0,
            -6.184806591602943e-20,
            3.7540695631829857e-16,
            -0.14446530758226034,
            -0.14446530758226034,
            0.14446530758226034,
            0.14446530758226034
        ],
        [
            0.0,
            0.0,
            0.0,
            0.0,
            6.184806591602943e-20,
            1.0,
            -1.604811312597794e-16,
            0.12623837625178827,
            -0.12623837625178827,
            -0.12623837625178827,
            0.12623837625178827
        ],
        [
            0.0,
            0.0,
            0.0,
            0.0,
            0.0,
            0.0,
            1.0,
            -0.0057421640636788895,
            0.0057421640636788895,
            -0.0057421640636788895,
            0.0057421640636788895
        ],
        [
            0.0,
            0.0,
            0.0,
            0.0,
            0.0,
            0.0,
            0.0,
            0.6067708333333334,
            0.0,
            0.0,
            0.0
        ],
        [
            0.0,
            0.0,
            0.0,
            0.0,
            0.0,
            0.0,
            0.0,
            0.0,
            0.6067708333333334,
            0.0,
            0.0
        ],
        [
            0.0,
            0.0,
            0.0,
            0.0,
            0.0,
            0.0,
            0.0,
            0.0,
            0.0,
            0.6067708333333334,
            0.0
        ],
        [
            0.0,
            0.0,
            0.0,
            0.0,
            0.0,
            0.0,
            0.0,
            0.0,
            0.0,
            0.0,
            0.6067708333333334
        ]
    ],
    "A_07": [
        [
            1.0,
            8.992603073064541e-17,
            2.094647742719509e-16,
            -3.051724178878872e-20,
            8.81729910513694e-17,
            1.868314125614057e-16,
            -6.001100749831045e-20,
            5.890836626382907e-18,
            -1.9725353835482145e-17,
            -5.890462332405866e-18,
            1.9724979541505102e-17
        ],
        [
            -8.992603073064541e-17,
            1.0,
            3.051724178878872e-20,
            2.094647742719509e-16,
            0.025,
            -5.996448546074672e-20,
            -1.7690206306855725e-16,
            -0.001961283977110157,
            -0.001961283977110158,
            0.001961283977110158,
            0.001961283977110157
        ],
        [
            -2.094647742719509e-16,
            -3.051724178878872e-20,
            1.0,
            -8.992603073064541e-17,
            5.996448546071207e-20,
            0.025,
            8.391005401894844e-17,
            0.0017138322603719594,
            -0.0017138322603719594,
            -0.0017138322603719603,
            0.0017138322603719603
        ],
        [
            3.051724178878872e-20,
            -2.094647742719509e-16,
            8.992603073064541e-17,
            1.0,
            1.8159479320460694e-16,
            -8.592354610400789e-17,
            0.025,
            -7.795653199036285e-05,
            7.79565319903341e-05,
            -7.795653199032223e-05,
            7.795653199035098e-05
        ],
        [
            0.0,
            0.0,
            0.0,
            0.0,
            1.0,
            -5.469527970385482e-20,
            3.754184108839772e-16,
            -0.14446530758226034,
            -0.14446530758226034,
            0.14446530758226034,
            0.14446530758226034
        ],
        [
            0.0,
            0.0,
            0.0,
            0.0,
            5.469527970385482e-20,
            1.0,
            -1.6117214778162028e-16,
            0.12623837625178827,
            -0.12623837625178827,
            -0.12623837625178827,
            0.12623837625178827
        ],
        [
            0.0,
            0.0,
            0.0,
            0.0,
            0.0,
            0.0,
            1.0,
            -0.0057421640636788895,
            0.0057421640636788895,
            -0.0057421640636788895,
            0.0057421640636788895
        ],
        [
            0.0,
            0.0,
            0.0,
            0.0,
            0.0,
            0.0,
            0.0,
            0.6067708333333334,
            0.0,
            0.0,
            0.0
        ],
        [
            0.0,
            0.0,
            0.0,
            0.0,
            0.0,
            0.0,
            0.0,
            0.0,
            0.6067708333333334,
            0.0,
            0.0
        ],
        [
            0.0,
            0.0,
            0.0,
            0.0,
            0.0,
            0.0,
            0.0,
            0.0,
            0.0,
            0.6067708333333334,
            0.0
        ],
        [
            0.0,
            0.0,
            0.0,
            0.0,
            0.0,
            0.0,
            0.0,
            0.0,
            0.0,
            0.0,
            0.6067708333333334
        ]
    ],
    "A_08": [
        [
            1.0,
            9.008634323936696e-17,
            2.0957726636378157e-16,
            -2.82374413086098e-20,
            9.042431083819968e-17,
            1.9207143804442017e-16,
            -6.07194773247283e-20,
            6.0734108674747595e-18,
            -2.026120971327602e-17,
            -6.073032222998858e-18,
            2.026083106880012e-17
        ],
        [
            -9.008634323936696e-17,
            1.0,
            2.82374413086098e-20,
            2.0957726636378157e-16,
            0.025,
            -6.061359039136846e-20,
            -1.8213671702404305e-16,
            -0.001961283977110157,
            -0.001961283977110158,
            0.001961283977110158,
            0.001961283977110157
        ],
        [
            -2.0957726636378157e-16,
            -2.82374413086098e-20,
            1.0,
            -9.008634323936696e-17,
            6.061359039133283e-20,
            0.025,
            8.615386405369248e-17,
            0.0017138322603719594,
            -0.0017138322603719594,
            -0.0017138322603719603,
            0.0017138322603719603
        ],
        [
            2.82374413086098e-20,
            -2.0957726636378157e-16,
            9.008634323936696e-17,
            1.0,
            1.8683163073409007e-16,
            -8.817172086418371e-17,
            0.025,
            -7.795653199036342e-05,
            7.795653199033385e-05,
            -7.795653199032165e-05,
            7.795653199035124e-05
        ],
        [
            0.0,
            0.0,
            0.0,
            0.0,
            1.0,
            -5.06092510320835e-20,
            3.756200276116531e-16,
            -0.14446530758226034,
            -0.14446530758226034,
            0.14446530758226034,
            0.14446530758226034
        ],
        [
            0.0,
            0.0,
            0.0,
            0.0,
            5.06092510320835e-20,
            1.0,
            -1.6145947183158648e-16,
            0.12623837625178827,
            -0.12623837625178827,
            -0.12623837625178827,
            0.12623837625178827
        ],
        [
            0.0,
            0.0,
            0.0,
            0.0,
            0.0,
            0.0,
            1.0,
            -0.0057421640636788895,
            0.0057421640636788895,
            -0.0057421640636788895,
            0.0057421640636788895
        ],
        [
            0.0,
            0.0,
            0.0,
            0.0,
            0.0,
            0.0,
            0.0,
            0.6067708333333334,
            0.0,
            0.0,
            0.0
        ],
        [
            0.0,
            0.0,
            0.0,
            0.0,
            0.0,
            0.0,
            0.0,
            0.0,
            0.6067708333333334,
            0.0,
            0.0
        ],
        [
            0.0,
            0.0,
            0.0,
            0.0,
            0.0,
            0.0,
            0.0,
            0.0,
            0.0,
            0.6067708333333334,
            0.0
        ],
        [
            0.0,
            0.0,
            0.0,
            0.0,
            0.0,
            0.0,
            0.0,
            0.0,
            0.0,
            0.0,
            0.6067708333333334
        ]
    ],
    "A_09": [
        [
            1.0,
            9.01715209758468e-17,
            2.0953713496593509e-16,
            -3.1350207176398006e-20,
            9.267874671784725e-17,
            1.9730887006998708e-16,
            -6.150741149929651e-20,
            6.2555998434743926e-18,
            -2.07971364726313e-17,
            -6.255216267774421e-18,
            2.0796752896931326e-17
        ],
        [
            -9.01715209758468e-17,
            1.0,
            3.1350207176398006e-20,
            2.0953713496593509e-16,
            0.025,
            -6.140980106770808e-20,
            -1.8737610993986344e-16,
            -0.001961283977110157,
            -0.001961283977110158,
            0.001961283977110158,
            0.001961283977110157
        ],
        [
            -2.0953713496593509e-16,
            -3.1350207176398006e-20,
            1.0,
            -9.01715209758468e-17,
            6.14098010676715e-20,
            0.025,
            8.840428461898926e-17,
            0.0017138322603719594,
            -0.0017138322603719594,
            -0.0017138322603719603,
            0.0017138322603719603
        ],
        [
            3.1350207176398006e-20,
            -2.0953713496593509e-16,
            9.01715209758468e-17,
            1.0,
            1.9207062952145646e-16,
            -9.042424299693518e-17,
            0.025,
            -7.795653199036399e-05,
            7.795653199033359e-05,
            -7.79565319903211e-05,
            7.79565319903515e-05
        ],
        [
            0.0,
            0.0,
            0.0,
            0.0,
            1.0,
            -5.618818247581034e-20,
            3.755481011234957e-16,
            -0.14446530758226034,
            -0.14446530758226034,
            0.14446530758226034,
            0.14446530758226034
        ],
        [
            0.0,
            0.0,
            0.0,
            0.0,
            5.618818247581034e-20,
            1.0,
            -1.6161213373181812e-16,
            0.12623837625178827,
            -0.12623837625178827,
            -0.12623837625178827,
            0.12623837625178827
        ],
        [
            0.0,
            0.0,
            0.0,
            0.0,
            0.0,
            0.0,
            1.0,
            -0.0057421640636788895,
            0.0057421640636788895,
            -0.0057421640636788895,
            0.0057421640636788895
        ],
        [
            0.0,
            0.0,
            0.0,
            0.0,
            0.0,
            0.0,
            0.0,
            0.6067708333333334,
            0.0,
            0.0,
            0.0
        ],
        [
            0.0,
            0.0,
            0.0,
            0.0,
            0.0,
            0.0,
            0.0,
            0.0,
            0.6067708333333334,
            0.0,
            0.0
        ],
        [
            0.0,
            0.0,
            0.0,
            0.0,
            0.0,
            0.0,
            0.0,
            0.0,
            0.0,
            0.6067708333333334,
            0.0
        ],
        [
            0.0,
            0.0,
            0.0,
            0.0,
            0.0,
            0.0,
            0.0,
            0.0,
            0.0,
            0.0,
            0.6067708333333334
        ]
    ],
    "A_10": [
        [
            1.0,
            9.023874770421483e-17,
            2.095372453357964e-16,
            -3.5236402652348275e-20,
            9.493492924502868e-17,
            2.0254658351456208e-16,
            -6.234300359003902e-20,
            6.4376631578147776e-18,
            -2.1333211503502006e-17,
            -6.437274388016655e-18,
            2.1332822733703886e-17
        ],
        [
            -9.023874770421483e-17,
            1.0,
            3.5236402652348275e-20,
            2.095372453357964e-16,
            0.025,
            -6.221901912409113e-20,
            -1.9261383778645503e-16,
            -0.001961283977110157,
            -0.001961283977110158,
            0.001961283977110158,
            0.001961283977110157
        ],
        [
            -2.095372453357964e-16,
            -3.5236402652348275e-20,
            1.0,
            -9.023874770421483e-17,
            6.22190191240536e-20,
            0.025,
            9.065730277123875e-17,
            0.0017138322603719594,
            -0.0017138322603719594,
            -0.0017138322603719603,
            0.0017138322603719603
        ],
        [
            3.5236402652348275e-20,
            -2.095372453357964e-16,
            9.023874770421483e-17,
            1.0,
            1.973085292441809e-16,
            -9.267896055242332e-17,
            0.025,
            -7.795653199036456e-05,
            7.795653199033333e-05,
            -7.795653199032054e-05,
            7.795653199035175e-05
        ],
        [
            0.0,
            0.0,
            0.0,
            0.0,
            1.0,
            -6.315331222154782e-20,
            3.755482989366034e-16,
            -0.14446530758226034,
            -0.14446530758226034,
            0.14446530758226034,
            0.14446530758226034
        ],
        [
            0.0,
            0.0,
            0.0,
            0.0,
            6.315331222154782e-20,
            1.0,
            -1.6173262249476444e-16,
            0.12623837625178827,
            -0.12623837625178827,
            -0.12623837625178827,
            0.12623837625178827
        ],
        [
            0.0,
            0.0,
            0.0,
            0.0,
            0.0,
            0.0,
            1.0,
            -0.0057421640636788895,
            0.0057421640636788895,
            -0.0057421640636788895,
            0.0057421640636788895
        ],
        [
            0.0,
            0.0,
            0.0,
            0.0,
            0.0,
            0.0,
            0.0,
            0.6067708333333334,
            0.0,
            0.0,
            0.0
        ],
        [
            0.0,
            0.0,
            0.0,
            0.0,
            0.0,
            0.0,
            0.0,
            0.0,
            0.6067708333333334,
            0.0,
            0.0
        ],
        [
            0.0,
            0.0,
            0.0,
            0.0,
            0.0,
            0.0,
            0.0,
            0.0,
            0.0,
            0.6067708333333334,
            0.0
        ],
        [
            0.0,
            0.0,
            0.0,
            0.0,
            0.0,
            0.0,
            0.0,
            0.0,
            0.0,
            0.0,
            0.6067708333333334
        ]
    ],
    "A_11": [
        [
            1.0,
            9.035722649342656e-17,
            2.0946850568486907e-16,
            -3.8066056409269204e-20,
            9.71949350260163e-17,
            2.0778143186245744e-16,
            -6.334760434249354e-20,
            6.619223609799435e-18,
            -2.1869373107622522e-17,
            -6.6188285749500996e-18,
            2.1868978072773184e-17
        ],
        [
            -9.035722649342656e-17,
            1.0,
            3.8066056409269204e-20,
            2.0946850568486907e-16,
            0.025,
            -6.32161967561913e-20,
            -1.9785190548782493e-16,
            -0.001961283977110157,
            -0.001961283977110158,
            0.001961283977110158,
            0.001961283977110157
        ],
        [
            -2.0946850568486907e-16,
            -3.8066056409269204e-20,
            1.0,
            -9.035722649342656e-17,
            6.321619675615278e-20,
            0.025,
            9.291169225082362e-17,
            0.0017138322603719594,
            -0.0017138322603719594,
            -0.0017138322603719603,
            0.0017138322603719603
        ],
        [
            3.8066056409269204e-20,
            -2.0946850568486907e-16,
            9.035722649342656e-17,
            1.0,
            2.0254471922033568e-16,
            -9.493600436368065e-17,
            0.025,
            -7.795653199036511e-05,
            7.795653199033308e-05,
            -7.795653199031997e-05,
            7.795653199035201e-05
        ],
        [
            0.0,
            0.0,
            0.0,
            0.0,
            1.0,
            -6.822482899790052e-20,
            3.7542509860086394e-16,
            -0.14446530758226034,
            -0.14446530758226034,
            0.14446530758226034,
            0.14446530758226034
        ],
        [
            0.0,
            0.0,
            0.0,
            0.0,
            6.822482899790052e-20,
            1.0,
            -1.6194496902856194e-16,
            0.12623837625178827,
            -0.12623837625178827,
            -0.12623837625178827,
            0.12623837625178827
        ],
        [
            0.0,
            0.0,
            0.0,
            0.0,
            0.0,
            0.0,
            1.0,
            -0.0057421640636788895,
            0.0057421640636788895,
            -0.0057421640636788895,
            0.0057421640636788895
        ],
        [
            0.0,
            0.0,
            0.0,
            0.0,
            0.0,
            0.0,
            0.0,
            0.6067708333333334,
            0.0,
            0.0,
            0.0
        ],
        [
            0.0,
            0.0,
            0.0,
            0.0,
            0.0,
            0.0,
            0.0,
            0.0,
            0.6067708333333334,
            0.0,
            0.0
        ],
        [
            0.0,
            0.0,
            0.0,
            0.0,
            0.0,
            0.0,
            0.0,
            0.0,
            0.0,
            0.6067708333333334,
            0.0
        ],
        [
            0.0,
            0.0,
            0.0,
            0.0,
            0.0,
            0.0,
            0.0,
            0.0,
            0.0,
            0.0,
            0.6067708333333334
        ]
    ],
    "A_12": [
        [
