{
    "A_00": [
        [
            1.0,
            2.6802594478611668e-18,
            -1.4145813752600572e-18,
            -2.294542850325816e-19,
            3.5432781728553504e-18,
            -9.601160869363767e-19,
            -3.330052451272763e-19,
            -3.4274427957234517e-19,
            -2.132056969768831e-19,
            3.4482110851392405e-19,
            2.1112886803530429e-19
        ],
        [
            -2.6802594478611668e-18,
            1.0,
            2.294542850325816e-19,
            -1.4145813752600572e-18,
            0.025,
            -3.3240945181206293e-19,
            8.930600728172894e-19,
            -0.0019612839771101574,
            -0.0019612839771101574,
            0.0019612839771101574,
            0.0019612839771101574
        ],
        [
            1.4145813752600572e-18,
            -2.294542850325816e-19,
            1.0,
            -2.6802594478611668e-18,
            3.3240945181206293e-19,
            0.025,
            3.4162246724191852e-18,
            0.0017138322603719599,
            -0.0017138322603719599,
            -0.0017138322603719599,
            0.0017138322603719599
        ],
        [
            2.294542850325816e-19,
            1.4145813752600572e-18,
            2.6802594478611668e-18,
            1.0,
            -9.247515525548752e-19,
            -3.476271686658822e-18,
            0.025,
            -7.795653199034271e-05,
            7.795653199034286e-05,
            -7.795653199034237e-05,
            7.795653199034222e-05
        ],
        [
            0.0,
            0.0,
            0.0,
            0.0,
            1.0,
            -4.112451048480947e-19,
            -2.5353183790068664e-18,
            -0.14446530758226034,
            -0.14446530758226034,
            0.14446530758226034,
            0.14446530758226034
        ],
        [
            0.0,
            0.0,
            0.0,
            0.0,
            4.112451048480947e-19,
            1.0,
            -4.803761139170915e-18,
            0.12623837625178827,
            -0.12623837625178827,
            -0.12623837625178827,
            0.12623837625178827
        ],
        [
            0.0,
            0.0,
            0.0,
            0.0,
            0.0,
            0.0,
            1.0,
            -0.0057421640636788895,
            0.0057421640636788895,
            -0.0057421640636788895,
            0.0057421640636788895
        ],
        [
            0.0,
            0.0,
            0.0,
            0.0,
            0.0,
            0.0,
            0.0,
            0.6067708333333334,
            0.0,
            0.0,
            0.0
        ],
        [
            0.0,
            0.0,
            0.0,
            0.0,
            0.0,
            0.0,
            0.0,
            0.0,
            0.6067708333333334,
            0.0,
            0.0
        ],
        [
            0.0,
            0.0,
            0.0,
            0.0,
            0.0,
            0.0,
            0.0,
            0.0,
            0.0,
            0.6067708333333334,
            0.0
        ],
        [
            0.0,
            0.0,
            0.0,
            0.0,
            0.0,
            0.0,
            0.0,
            0.0,
            0.0,
            0.0,
            0.6067708333333334
        ]
    ],
    "A_01": [
        [
            1.0,
            2.6926680564160796e-18,
            -1.4285565846733204e-18,
            -2.3013191051361674e-19,
            3.610256061525234e-18,
            -9.96055513581953e-19,
            -3.3875361160366897e-19,
            -3.5048050812661506e-19,
            -2.1600459875910244e-19,
            3.5259318688540264e-19,
            2.1389192000031486e-19
        ],
        [
            -2.6926680564160796e-18,
            1.0,
            2.3013191051361674e-19,
            -1.4285565846733204e-18,
            0.025,
            -3.3815605878881594e-19,
            9.283370265531254e-19,
            -0.0019612839771101574,
            -0.0019612839771101574,
            0.0019612839771101574,
            0.0019612839771101574
        ],
        [
            1.4285565846733204e-18,
            -2.3013191051361674e-19,
            1.0,
            -2.6926680564160796e-18,
            3.3815605878881594e-19,
            0.025,
            3.482614350438901e-18,
            0.0017138322603719599,
            -0.0017138322603719599,
            -0.0017138322603719599,
            0.0017138322603719599
        ],
        [
            2.3013191051361674e-19,
            1.4285565846733204e-18,
            2.6926680564160796e-18,
            1.0,
            -9.6034159896512e-19,
            -3.542939360114832e-18,
            0.025,
            -7.795653199034271e-05,
            7.795653199034286e-05,
            -7.795653199034237e-05,
            7.795653199034222e-05
        ],
        [
            0.0,
            0.0,
            0.0,
            0.0,
            1.0,
            -4.1245959583899723e-19,
            -2.5603657929595646e-18,
            -0.14446530758226034,
            -0.14446530758226034,
            0.14446530758226034,
            0.14446530758226034
        ],
        [
            0.0,
            0.0,
            0.0,
            0.0,
            4.1245959583899723e-19,
            1.0,
            -4.8260007740744844e-18,
            0.12623837625178827,
            -0.12623837625178827,
            -0.12623837625178827,
            0.12623837625178827
        ],
        [
            0.0,
            0.0,
            0.0,
            0.0,
            0.0,
            0.0,
            1.0,
            -0.0057421640636788895,
            0.0057421640636788895,
            -0.0057421640636788895,
            0.0057421640636788895
        ],
        [
            0.0,
            0.0,
            0.0,
            0.0,
            0.0,
            0.0,
            0.0,
            0.6067708333333334,
            0.0,
            0.0,
            0.0
        ],
        [
            0.0,
            0.0,
            0.0,
            0.0,
            0.0,
            0.0,
            0.0,
            0.0,
            0.6067708333333334,
            0.0,
            0.0
        ],
        [
            0.0,
            0.0,
            0.0,
            0.0,
            0.0,
            0.0,
            0.0,
            0.0,
            0.0,
            0.6067708333333334,
            0.0
        ],
        [
            0.0,
            0.0,
            0.0,
            0.0,
            0.0,
            0.0,
            0.0,
            0.0,
            0.0,
            0.0,
            0.6067708333333334
        ]
    ],
    "A_02": [
        [
            1.0,
            2.599541449211459e-18,
            -1.4271141400419825e-18,
            -2.352384411889873e-19,
            3.674363878251654e-18,
            -1.0309733155515316e-18,
            -3.4464603014353047e-19,
            -3.5781311293291066e-19,
            -2.186392732386331e-19,
            3.59962415463754e-19,
            2.1648997070778983e-19
        ],
        [
            -2.599541449211459e-18,
            1.0,
            2.352384411889873e-19,
            -1.4271141400419825e-18,
            0.025,
            -3.4399644098034002e-19,
            9.632909855732508e-19,
            -0.0019612839771101574,
            -0.0019612839771101574,
            0.0019612839771101574,
            0.0019612839771101574
        ],
        [
            1.4271141400419825e-18,
            -2.352384411889873e-19,
            1.0,
            -2.599541449211459e-18,
            3.4399644098034002e-19,
            0.025,
            3.551201127649984e-18,
            0.0017138322603719599,
            -0.0017138322603719599,
            -0.0017138322603719599,
            0.0017138322603719599
        ],
        [
            2.352384411889873e-19,
            1.4271141400419825e-18,
            2.599541449211459e-18,
            1.0,
            -9.949852468366092e-19,
            -3.609995772449113e-18,
            0.025,
            -7.795653199034271e-05,
            7.795653199034287e-05,
            -7.795653199034237e-05,
            7.795653199034221e-05
        ],
        [
            0.0,
            0.0,
            0.0,
            0.0,
            1.0,
            -4.216119014614639e-19,
            -2.5577805359722405e-18,
            -0.14446530758226034,
            -0.14446530758226034,
            0.14446530758226034,
            0.14446530758226034
        ],
        [
            0.0,
            0.0,
            0.0,
            0.0,
            4.216119014614639e-19,
            1.0,
            -4.659092314123198e-18,
            0.12623837625178827,
            -0.12623837625178827,
            -0.12623837625178827,
            0.12623837625178827
        ],
        [
            0.0,
            0.0,
            0.0,
            0.0,
            0.0,
            0.0,
            1.0,
            -0.0057421640636788895,
            0.0057421640636788895,
            -0.0057421640636788895,
            0.0057421640636788895
        ],
        [
            0.0,
            0.0,
            0.0,
            0.0,
            0.0,
            0.0,
            0.0,
            0.6067708333333334,
            0.0,
            0.0,
            0.0
        ],
        [
            0.0,
            0.0,
            0.0,
            0.0,
            0.0,
            0.0,
            0.0,
            0.0,
            0.6067708333333334,
            0.0,
            0.0
        ],
        [
            0.0,
            0.0,
            0.0,
            0.0,
            0.0,
            0.0,
            0.0,
            0.0,
            0.0,
            0.6067708333333334,
            0.0
        ],
        [
            0.0,
            0.0,
            0.0,
            0.0,
            0.0,
            0.0,
            0.0,
            0.0,
            0.0,
            0.0,
            0.6067708333333334
        ]
    ],
    "A_03": [
        [
            1.0,
            2.438105620251556e-18,
            -1.62527946435272e-18,
            -2.4429466920420326e-19,
            3.734849841989615e-18,
            -1.0711609147895042e-18,
            -3.507624032025841e-19,
            -3.6533613093395952e-19,
            -2.206790841939286e-19,
            3.6752362191355e-19,
            2.1849159321433807e-19
        ],
        [
            -2.438105620251556e-18,
            1.0,
            2.4429466920420326e-19,
            -1.62527946435272e-18,
            0.025,
            -3.50031133588298e-19,
            9.940204284877747e-19,
            -0.0019612839771101574,
            -0.0019612839771101574,
            0.0019612839771101574,
            0.0019612839771101574
        ],
        [
            1.62527946435272e-18,
            -2.4429466920420326e-19,
            1.0,
            -2.438105620251556e-18,
            3.50031133588298e-19,
            0.025,
            3.619307484189175e-18,
            0.0017138322603719599,
            -0.0017138322603719599,
            -0.0017138322603719599,
            0.0017138322603719599
        ],
        [
            2.4429466920420326e-19,
            1.62527946435272e-18,
            2.438105620251556e-18,
            1.0,
            -1.0295982825390679e-18,
            -3.6742074166972e-18,
            0.025,
            -7.795653199034271e-05,
            7.795653199034287e-05,
            -7.795653199034237e-05,
            7.795653199034221e-05
        ],
        [
            0.0,
            0.0,
            0.0,
            0.0,
            1.0,
            -4.378431496123403e-19,
            -2.9129472288141452e-18,
            -0.14446530758226034,
            -0.14446530758226034,
            0.14446530758226034,
            0.14446530758226034
        ],
        [
            0.0,
            0.0,
            0.0,
            0.0,
            4.378431496123403e-19,
            1.0,
            -4.369754965738411e-18,
            0.12623837625178827,
            -0.12623837625178827,
            -0.12623837625178827,
            0.12623837625178827
        ],
        [
            0.0,
            0.0,
            0.0,
            0.0,
            0.0,
            0.0,
            1.0,
            -0.0057421640636788895,
            0.0057421640636788895,
            -0.0057421640636788895,
            0.0057421640636788895
        ],
        [
            0.0,
            0.0,
            0.0,
            0.0,
            0.0,
            0.0,
            0.0,
            0.6067708333333334,
            0.0,
            0.0,
            0.0
        ],
        [
            0.0,
            0.0,
            0.0,
            0.0,
            0.0,
            0.0,
            0.0,
            0.0,
            0.6067708333333334,
            0.0,
            0.0
        ],
        [
            0.0,
            0.0,
            0.0,
            0.0,
            0.0,
            0.0,
            0.0,
            0.0,
            0.0,
            0.6067708333333334,
            0.0
        ],
        [
            0.0,
            0.0,
            0.0,
            0.0,
            0.0,
            0.0,
            0.0,
            0.0,
            0.0,
            0.0,
            0.6067708333333334
        ]
    ],
    "A_04": [
        [
            1.0,
            2.5309843639075175e-18,
            -1.8218781317056362e-18,
            -2.49785862718556e-19,
            3.7990086731377925e-18,
            -1.1156694708410176e-18,
            -3.5697022369288154e-19,
            -3.7337638081004174e-19,
            -2.226960320297195e-19,
            3.7560252789834284e-19,
            2.204698849414185e-19
        ],
        [
            -2.5309843639075175e-18,
            1.0,
            2.49785862718556e-19,
            -1.8218781317056362e-18,
            0.025,
            -3.562440842802085e-19,
            1.0292417524674546e-18,
            -0.0019612839771101574,
            -0.0019612839771101574,
            0.0019612839771101574,
            0.0019612839771101574
        ],
        [
            1.8218781317056362e-18,
            -2.49785862718556e-19,
            1.0,
            -2.5309843639075175e-18,
            3.562440842802085e-19,
            0.025,
            3.679031324213507e-18,
            0.0017138322603719599,
            -0.0017138322603719599,
            -0.0017138322603719599,
            0.0017138322603719599
        ],
        [
            2.49785862718556e-19,
            1.8218781317056362e-18,
            2.5309843639075175e-18,
            1.0,
            -1.069502087120631e-18,
            -3.735734064040105e-18,
            0.025,
            -7.795653199034271e-05,
            7.795653199034289e-05,
            -7.795653199034237e-05,
            7.79565319903422e-05
        ],
        [
            0.0,
            0.0,
            0.0,
            0.0,
            1.0,
            -4.476848767007252e-19,
            -3.2653060420612604e-18,
            -0.14446530758226034,
            -0.14446530758226034,
            0.14446530758226034,
            0.14446530758226034
        ],
        [
            0.0,
            0.0,
            0.0,
            0.0,
            4.476848767007252e-19,
            1.0,
            -4.5362191861278076e-18,
            0.12623837625178827,
            -0.12623837625178827,
            -0.12623837625178827,
            0.12623837625178827
        ],
        [
            0.0,
            0.0,
            0.0,
            0.0,
            0.0,
            0.0,
            1.0,
            -0.0057421640636788895,
            0.0057421640636788895,
            -0.0057421640636788895,
            0.0057421640636788895
        ],
        [
            0.0,
            0.0,
            0.0,
            0.0,
            0.0,
            0.0,
            0.0,
            0.6067708333333334,
            0.0,
            0.0,
            0.0
        ],
        [
            0.0,
            0.0,
            0.0,
            0.0,
            0.0,
            0.0,
            0.0,
            0.0,
            0.6067708333333334,
            0.0,
            0.0
        ],
        [
            0.0,
            0.0,
            0.0,
            0.0,
            0.0,
            0.0,
            0.0,
            0.0,
            0.0,
            0.6067708333333334,
            0.0
        ],
        [
            0.0,
            0.0,
            0.0,
            0.0,
            0.0,
            0.0,
            0.0,
            0.0,
            0.0,
            0.0,
            0.6067708333333334
        ]
    ],
    "A_05": [
        [
            1.0,
            2.5682104701381082e-18,
            -1.7828377855070175e-18,
            -2.5370840109849647e-19,
            3.863814699718946e-18,
            -1.1599601617326646e-18,
            -3.6330106164464125e-19,
            -3.814404930905996e-19,
            -2.247146858651791e-19,
            3.8370617547497163e-19,
            2.2244900348080702e-19
        ],
        [
            -2.5682104701381082e-18,
            1.0,
            2.5370840109849647e-19,
            -1.7828377855070175e-18,
            0.025,
            -3.626035140018574e-19,
            1.0754475293681797e-18,
            -0.0019612839771101574,
            -0.0019612839771101574,
            0.0019612839771101574,
            0.0019612839771101574
        ],
        [
            1.7828377855070175e-18,
            -2.5370840109849647e-19,
            1.0,
            -2.5682104701381082e-18,
            3.626035140018574e-19,
            0.025,
            3.742040485766795e-18,
            0.0017138322603719599,
            -0.0017138322603719599,
            -0.0017138322603719599,
            0.0017138322603719599
        ],
        [
            2.5370840109849647e-19,
            1.7828377855070175e-18,
            2.5682104701381082e-18,
            1.0,
            -1.1153892170949893e-18,
            -3.7992992227516206e-18,
            0.025,
            -7.795653199034271e-05,
            7.795653199034289e-05,
            -7.795653199034237e-05,
            7.79565319903422e-05
        ],
        [
            0.0,
            0.0,
            0.0,
            0.0,
            1.0,
            -4.547151429130135e-19,
            -3.1953350181447662e-18,
            -0.14446530758226034,
            -0.14446530758226034,
            0.14446530758226034,
            0.14446530758226034
        ],
        [
            0.0,
            0.0,
            0.0,
            0.0,
            4.547151429130135e-19,
            1.0,
            -4.6029385936895886e-18,
            0.12623837625178827,
            -0.12623837625178827,
            -0.12623837625178827,
            0.12623837625178827
        ],
        [
            0.0,
            0.0,
            0.0,
            0.0,
            0.0,
            0.0,
            1.0,
            -0.0057421640636788895,
            0.0057421640636788895,
            -0.0057421640636788895,
            0.0057421640636788895
        ],
        [
            0.0,
            0.0,
            0.0,
            0.0,
            0.0,
            0.0,
            0.0,
            0.6067708333333334,
            0.0,
            0.0,
            0.0
        ],
        [
            0.0,
            0.0,
            0.0,
            0.0,
            0.0,
            0.0,
            0.0,
            0.0,
            0.6067708333333334,
            0.0,
            0.0
        ],
        [
            0.0,
            0.0,
            0.0,
            0.0,
            0.0,
            0.0,
            0.0,
            0.0,
            0.0,
            0.6067708333333334,
            0.0
        ],
        [
            0.0,
            0.0,
            0.0,
            0.0,
            0.0,
            0.0,
            0.0,
            0.0,
            0.0,
            0.0,
            0.6067708333333334
        ]
    ],
    "A_06": [
        [
            1.0,
            2.4688178522922816e-18,
            -1.567440160363165e-18,
            -2.586286663957594e-19,
            3.92552790543033e-18,
            -1.197348378340554e-18,
            -3.6977795479810262e-19,
            -3.888652137802834e-19,
            -2.269954909618202e-19,
            3.911712443493732e-19,
            2.2468946039273037e-19
        ],
        [
            -2.4688178522922816e-18,
            1.0,
            2.586286663957594e-19,
            -1.567440160363165e-18,
            0.025,
            -3.6904824290829363e-19,
            1.1231107725257057e-18,
            -0.0019612839771101574,
            -0.0019612839771101574,
            0.0019612839771101574,
            0.0019612839771101574
        ],
        [
            1.567440160363165e-18,
            -2.586286663957594e-19,
            1.0,
            -2.4688178522922816e-18,
            3.6904824290829363e-19,
            0.025,
            3.808561902159013e-18,
            0.0017138322603719599,
            -0.0017138322603719599,
            -0.0017138322603719599,
            0.0017138322603719599
        ],
        [
            2.586286663957594e-19,
            1.567440160363165e-18,
            2.4688178522922816e-18,
            1.0,
            -1.1587828047592207e-18,
            -3.864427889550769e-18,
            0.025,
            -7.795653199034271e-05,
            7.79565319903429e-05,
            -7.795653199034237e-05,
            7.795653199034218e-05
        ],
        [
            0.0,
            0.0,
            0.0,
            0.0,
            1.0,
            -4.635336098148891e-19,
            -2.8092833088740674e-18,
            -0.14446530758226034,
            -0.14446530758226034,
            0.14446530758226034,
            0.14446530758226034
        ],
        [
            0.0,
            0.0,
            0.0,
            0.0,
            4.635336098148891e-19,
            1.0,
            -4.424799721533291e-18,
            0.12623837625178827,
            -0.12623837625178827,
            -0.12623837625178827,
            0.12623837625178827
        ],
        [
            0.0,
            0.0,
            0.0,
            0.0,
            0.0,
            0.0,
            1.0,
            -0.0057421640636788895,
            0.0057421640636788895,
            -0.0057421640636788895,
            0.0057421640636788895
        ],
        [
            0.0,
            0.0,
            0.0,
            0.0,
            0.0,
            0.0,
            0.0,
            0.6067708333333334,
            0.0,
            0.0,
            0.0
        ],
        [
            0.0,
            0.0,
            0.0,
            0.0,
            0.0,
            0.0,
            0.0,
            0.0,
            0.6067708333333334,
            0.0,
            0.0
        ],
        [
            0.0,
            0.0,
            0.0,
            0.0,
            0.0,
            0.0,
            0.0,
            0.0,
            0.0,
            0.6067708333333334,
            0.0
        ],
        [
            0.0,
            0.0,
            0.0,
            0.0,
            0.0,
            0.0,
            0.0,
            0.0,
            0.0,
            0.0,
            0.6067708333333334
        ]
    ],
    "A_07": [
        [
            1.0,
            2.120633137938989e-18,
            -1.5100972147646477e-18,
            -2.625296810931038e-19,
            3.977595409441454e-18,
            -1.235339021102499e-18,
            -3.763537760585202e-19,
            -3.95592820917574e-19,
            -2.285834375629623e-19,
            3.979399488446675e-19,
            2.2623630963586887e-19
        ],
        [
            -2.120633137938989e-18,
            1.0,
            2.625296810931038e-19,
            -1.5100972147646477e-18,
            0.025,
            -3.7565271182627407e-19,
            1.1637874480170922e-18,
            -0.0019612839771101574,
            -0.0019612839771101574,
            0.0019612839771101574,
            0.0019612839771101574
        ],
        [
            1.5100972147646477e-18,
            -2.625296810931038e-19,
            1.0,
            -2.120633137938989e-18,
            3.7565271182627407e-19,
            0.025,
            3.8771989966696374e-18,
            0.0017138322603719599,
            -0.0017138322603719599,
            -0.0017138322603719599,
            0.0017138322603719599
        ],
        [
            2.625296810931038e-19,
            1.5100972147646477e-18,
            2.120633137938989e-18,
            1.0,
            -1.1978968059472557e-18,
            -3.925820441848471e-18,
            0.025,
            -7.795653199034271e-05,
            7.79565319903429e-05,
            -7.795653199034237e-05,
            7.795653199034217e-05
        ],
        [
            0.0,
            0.0,
            0.0,
            0.0,
            1.0,
            -4.705252996758805e-19,
            -2.7065089995095146e-18,
            -0.14446530758226034,
            -0.14446530758226034,
            0.14446530758226034,
            0.14446530758226034
        ],
        [
            0.0,
            0.0,
            0.0,
            0.0,
            4.705252996758805e-19,
            1.0,
            -3.800757074692368e-18,
            0.12623837625178827,
            -0.12623837625178827,
            -0.12623837625178827,
            0.12623837625178827
        ],
        [
            0.0,
            0.0,
            0.0,
            0.0,
            0.0,
            0.0,
            1.0,
            -0.0057421640636788895,
            0.0057421640636788895,
            -0.0057421640636788895,
            0.0057421640636788895
        ],
        [
            0.0,
            0.0,
            0.0,
            0.0,
            0.0,
            0.0,
            0.0,
            0.6067708333333334,
            0.0,
            0.0,
            0.0
        ],
        [
            0.0,
            0.0,
            0.0,
            0.0,
            0.0,
            0.0,
            0.0,
            0.0,
            0.6067708333333334,
            0.0,
            0.0
        ],
        [
            0.0,
            0.0,
            0.0,
            0.0,
            0.0,
            0.0,
            0.0,
            0.0,
            0.0,
            0.6067708333333334,
            0.0
        ],
        [
            0.0,
            0.0,
            0.0,
            0.0,
            0.0,
            0.0,
            0.0,
            0.0,
            0.0,
            0.0,
            0.6067708333333334
        ]
    ],
    "A_08": [
        [
            1.0,
            1.996548371049373e-18,
            -1.3614419580290086e-18,
            -2.67755075309364e-19,
            4.027679730099487e-18,
            -1.268516783973483e-18,
            -3.8309796925289207e-19,
            -4.018058235720891e-19,
            -2.3026679011656925e-19,
            4.041950133675467e-19,
            2.2787760032111164e-19
        ],
        [
            -1.996548371049373e-18,
            1.0,
            2.67755075309364e-19,
            -1.3614419580290086e-18,
            0.025,
            -3.823833369369514e-19,
            1.2040119804616605e-18,
            -0.0019612839771101574,
            -0.0019612839771101574,
            0.0019612839771101574,
            0.0019612839771101574
        ],
        [
            1.3614419580290086e-18,
            -2.67755075309364e-19,
            1.0,
            -1.996548371049373e-18,
            3.823833369369514e-19,
            0.025,
            3.9331009217651995e-18,
            0.0017138322603719599,
            -0.0017138322603719599,
            -0.0017138322603719599,
            0.0017138322603719599
        ],
        [
            2.67755075309364e-19,
            1.3614419580290086e-18,
            1.996548371049373e-18,
            1.0,
            -1.2347909502366307e-18,
            -3.9783864512509976e-18,
            0.025,
            -7.795653199034271e-05,
            7.795653199034292e-05,
            -7.795653199034237e-05,
            7.795653199034217e-05
        ],
        [
            0.0,
            0.0,
            0.0,
            0.0,
            1.0,
            -4.798906414128343e-19,
            -2.440077947094051e-18,
            -0.14446530758226034,
            -0.14446530758226034,
            0.14446530758226034,
            0.14446530758226034
        ],
        [
            0.0,
            0.0,
            0.0,
            0.0,
            4.798906414128343e-19,
            1.0,
            -3.57836308905673e-18,
            0.12623837625178827,
            -0.12623837625178827,
            -0.12623837625178827,
            0.12623837625178827
        ],
        [
            0.0,
            0.0,
            0.0,
            0.0,
            0.0,
            0.0,
            1.0,
            -0.0057421640636788895,
            0.0057421640636788895,
            -0.0057421640636788895,
            0.0057421640636788895
        ],
        [
            0.0,
            0.0,
            0.0,
            0.0,
            0.0,
            0.0,
            0.0,
            0.6067708333333334,
            0.0,
            0.0,
            0.0
        ],
        [
            0.0,
            0.0,
            0.0,
            0.0,
            0.0,
            0.0,
            0.0,
            0.0,
            0.6067708333333334,
            0.0,
            0.0
        ],
        [
            0.0,
            0.0,
            0.0,
            0.0,
            0.0,
            0.0,
            0.0,
            0.0,
            0.0,
            0.6067708333333334,
            0.0
        ],
        [
            0.0,
            0.0,
            0.0,
            0.0,
            0.0,
            0.0,
            0.0,
            0.0,
            0.0,
            0.0,
            0.6067708333333334
        ]
    ],
    "A_09": [
        [
            1.0,
            1.7917457738495608e-18,
            -1.3492818022110472e-18,
            -2.6648216976887596e-19,
            4.07183831646247e-18,
            -1.3015762608966781e-18,
            -3.897498866206792e-19,
            -4.0743638535910956e-19,
            -2.3144136579286893e-19,
            4.098669899959267e-19,
            2.290107611560518e-19
        ],
        [
            -1.7917457738495608e-18,
            1.0,
            2.6648216976887596e-19,
            -1.3492818022110472e-18,
            0.025,
            -3.890385594886526e-19,
            1.2375834509670784e-18,
            -0.0019612839771101574,
            -0.0019612839771101574,
            0.0019612839771101574,
            0.0019612839771101574
        ],
        [
            1.3492818022110472e-18,
            -2.6648216976887596e-19,
            1.0,
            -1.7917457738495608e-18,
            3.890385594886526e-19,
            0.025,
            3.987000074197915e-18,
            0.0017138322603719599,
            -0.0017138322603719599,
            -0.0017138322603719599,
            0.0017138322603719599
        ],
        [
            2.6648216976887596e-19,
            1.3492818022110472e-18,
            1.7917457738495608e-18,
            1.0,
            -1.2675340006275292e-18,
            -4.027975317757849e-18,
            0.025,
            -7.795653199034273e-05,
            7.795653199034292e-05,
            -7.795653199034237e-05,
            7.795653199034217e-05
        ],
        [
            0.0,
            0.0,
            0.0,
            0.0,
            1.0,
            -4.776092450449897e-19,
            -2.4182836077396288e-18,
            -0.14446530758226034,
            -0.14446530758226034,
            0.14446530758226034,
            0.14446530758226034
        ],
        [
            0.0,
            0.0,
            0.0,
            0.0,
            4.776092450449897e-19,
            1.0,
            -3.21130058008402e-18,
            0.12623837625178827,
            -0.12623837625178827,
            -0.12623837625178827,
            0.12623837625178827
        ],
        [
            0.0,
            0.0,
            0.0,
            0.0,
            0.0,
            0.0,
            1.0,
            -0.0057421640636788895,
            0.0057421640636788895,
            -0.0057421640636788895,
            0.0057421640636788895
        ],
        [
            0.0,
            0.0,
            0.0,
            0.0,
            0.0,
            0.0,
            0.0,
            0.6067708333333334,
            0.0,
            0.0,
            0.0
        ],
        [
            0.0,
            0.0,
            0.0,
            0.0,
            0.0,
            0.0,
            0.0,
            0.0,
            0.6067708333333334,
            0.0,
            0.0
        ],
        [
            0.0,
            0.0,
            0.0,
            0.0,
            0.0,
            0.0,
            0.0,
            0.0,
            0.0,
            0.6067708333333334,
            0.0
        ],
        [
            0.0,
            0.0,
            0.0,
            0.0,
            0.0,
            0.0,
            0.0,
            0.0,
            0.0,
            0.0,
            0.6067708333333334
        ]
    ],
    "A_10": [
        [
            1.0,
            1.5994759554599661e-18,
            -1.262422089416373e-18,
            -2.7276704518739757e-19,
            4.112727587022482e-18,
            -1.3311331878634797e-18,
            -3.9661302841547006e-19,
            -4.126983917221593e-19,
            -2.3268759570026817e-19,
            4.15171893374793e-19,
            2.3021409404763455e-19
        ],
        [
            -1.5994759554599661e-18,
            1.0,
            2.7276704518739757e-19,
            -1.262422089416373e-18,
            0.025,
            -3.9586599373545967e-19,
            1.2712900463286991e-18,
            -0.0019612839771101574,
            -0.0019612839771101574,
            0.0019612839771101574,
            0.0019612839771101574
        ],
        [
            1.262422089416373e-18,
            -2.7276704518739757e-19,
            1.0,
            -1.5994759554599661e-18,
            3.9586599373545967e-19,
            0.025,
            4.0370680338586335e-18,
            0.0017138322603719599,
            -0.0017138322603719599,
            -0.0017138322603719599,
            0.0017138322603719599
        ],
        [
            2.7276704518739757e-19,
            1.262422089416373e-18,
            1.5994759554599661e-18,
            1.0,
            -1.2995726356280704e-18,
            -4.074291764205347e-18,
            0.025,
            -7.795653199034273e-05,
            7.795653199034293e-05,
            -7.795653199034237e-05,
            7.795653199034216e-05
        ],
        [
            0.0,
            0.0,
            0.0,
            0.0,
            1.0,
            -4.88873468112692e-19,
            -2.2626071439496885e-18,
            -0.14446530758226034,
            -0.14446530758226034,
            0.14446530758226034,
            0.14446530758226034
        ],
        [
            0.0,
            0.0,
            0.0,
            0.0,
            4.88873468112692e-19,
            1.0,
            -2.866700253219235e-18,
            0.12623837625178827,
            -0.12623837625178827,
            -0.12623837625178827,
            0.12623837625178827
        ],
        [
            0.0,
            0.0,
            0.0,
            0.0,
            0.0,
            0.0,
            1.0,
            -0.0057421640636788895,
            0.0057421640636788895,
            -0.0057421640636788895,
            0.0057421640636788895
        ],
        [
            0.0,
            0.0,
            0.0,
            0.0,
            0.0,
            0.0,
            0.0,
            0.6067708333333334,
            0.0,
            0.0,
            0.0
        ],
        [
            0.0,
            0.0,
            0.0,
            0.0,
            0.0,
            0.0,
            0.0,
            0.0,
            0.6067708333333334,
            0.0,
            0.0
        ],
        [
            0.0,
            0.0,
            0.0,
            0.0,
            0.0,
            0.0,
            0.0,
            0.0,
            0.0,
            0.6067708333333334,
            0.0
        ],
        [
            0.0,
            0.0,
            0.0,
            0.0,
            0.0,
            0.0,
            0.0,
            0.0,
            0.0,
            0.0,
            0.6067708333333334
        ]
    ],
    "A_11": [
        [
            1.0,
            1.4015607532530103e-18,
            -1.2904963839109087e-18,
            -2.766343708028262e-19,
            4.148910648896702e-18,
            -1.3639584712477507e-18,
            -4.034842793204125e-19,
            -4.1773429901479275e-19,
            -2.332885456856796e-19,
            4.202505833873384e-19,
            2.30772261313134e-19
        ],
        [
            -1.4015607532530103e-18,
            1.0,
            2.766343708028262e-19,
            -1.2904963839109087e-18,
            0.025,
            -4.0272720287217327e-19,
            1.302784511761502e-18,
            -0.0019612839771101574,
            -0.0019612839771101574,
            0.0019612839771101574,
            0.0019612839771101574
        ],
        [
            1.2904963839109087e-18,
            -2.766343708028262e-19,
            1.0,
            -1.4015607532530103e-18,
            4.0272720287217327e-19,
            0.025,
            4.082568516299481e-18,
            0.0017138322603719599,
            -0.0017138322603719599,
            -0.0017138322603719599,
            0.0017138322603719599
        ],
        [
            2.766343708028262e-19,
            1.2904963839109087e-18,
            1.4015607532530103e-18,
            1.0,
            -1.3316960616499782e-18,
            -4.1148022757069954e-18,
            0.025,
            -7.795653199034273e-05,
            7.795653199034293e-05,
            -7.795653199034237e-05,
            7.795653199034216e-05
        ],
        [
            0.0,
            0.0,
            0.0,
            0.0,
            1.0,
            -4.95804777885237e-19,
            -2.312923991078092e-18,
            -0.14446530758226034,
            -0.14446530758226034,
            0.14446530758226034,
            0.14446530758226034
        ],
        [
            0.0,
            0.0,
            0.0,
            0.0,
            4.95804777885237e-19,
            1.0,
            -2.5119818478903736e-18,
            0.12623837625178827,
            -0.12623837625178827,
            -0.12623837625178827,
            0.12623837625178827
        ],
        [
            0.0,
            0.0,
            0.0,
            0.0,
            0.0,
            0.0,
            1.0,
            -0.0057421640636788895,
            0.0057421640636788895,
            -0.0057421640636788895,
            0.0057421640636788895
        ],
        [
            0.0,
            0.0,
            0.0,
            0.0,
            0.0,
            0.0,
            0.0,
            0.6067708333333334,
            0.0,
            0.0,
            0.0
        ],
        [
            0.0,
            0.0,
            0.0,
            0.0,
            0.0,
            0.0,
            0.0,
            0.0,
            0.6067708333333334,
            0.0,
            0.0
        ],
        [
            0.0,
            0.0,
            0.0,
            0.0,
            0.0,
            0.0,
            0.0,
            0.0,
            0.0,
            0.6067708333333334,
            0.0
        ],
        [
            0.0,
            0.0,
            0.0,
            0.0,
            0.0,
            0.0,
            0.0,
